7.62535
6.825882
6.908265
7.350771
7.288668
6.421839
7.783294
7.093879
7.541423
6.894679
7.513694
7.301107
7.203512
7.170091
7.096528
7.304822
7.282081
6.895535
7.302481
6.827337
7.286384
5.93588
7.773305
7.66506
7.520468
7.136118
6.329995
6.503355
7.065675
6.388497
7.764294
6.483804
7.281933
7.524022
7.450835
6.745479
8.292125
7.427235
7.63569
8.465465
8.152939
7.594374
7.333406
6.932085
6.525949
6.999876
7.565598
5.943416
6.716806
7.966887
6.615229
6.13007
7.16138
7.075124
6.758189
7.265811
8.037301
6.886368
7.355516
7.00655
7.155586
6.975518
7.371314
8.422794
6.805578
7.103778
7.626833
7.829856
7.61017
6.856036
7.546237
6.756938
6.773186
7.277351
6.860326
7.530169
7.470698
7.45832
6.913519
7.513367
6.815371
