x
34.917492
26.91916
17.870551
23.934293
22.026092
23.358955
15.654674
18.837979
14.850941
17.330227
19.870456
14.333174
12.72275
22.279374
14.556053
18.328095
24.345836
20.334357
21.517278
17.78759
28.199438
12.097759
14.256042
17.581818
20.833225
24.961559
15.923706
18.717636
19.579734
17.816456
26.814656
22.069885
17.02938
15.230518
17.520731
14.774048
19.167792
21.060369
19.57539
15.492007
23.769409
16.730227
14.447673
13.346222
19.694946
16.983756
10.356628
17.386526
24.758777
17.606435
16.79021
9.153163
14.67298
12.628327
21.735323
21.381478
19.071449
14.860245
15.370072
22.313893
20.649874
16.58917
21.572217
28.024293
19.87734
15.569162
18.316646
20.291398
20.692175
23.782019
21.781061
21.707252
22.234208
18.554384
20.567164
22.535877
15.516334
16.026289
19.891983
18.654067
25.578153
